$ANSIBLE_VAULT;1.1;AES256
37633336393832306536636265373630643265623538323266626535346335373166336634373735
3932383866376262353962383762653334613465653836330a346631373462323166653931326232
64316630396230663263343837646631653366623363346566316336633233373231396566636433
3039616533636662350a313531613432346536346666343766383336663839376362326236656565
66313963306266333261393731653866636437646334373639336264313662343861343762663361
37623837393562666538626361646233653033346566396462633763396132656232393130363665
62346438646131366136643465373037323934663364396138336466623263386166346431366631
66396439353230396462656438623761626266323662636430383736366264333065373938323661
37346362646639366638666531376330313039613562343332356631636232636331383565396431
61346462343636666337643765353661613563393637316632323435666633303231623230343835
62656235346563376462656233313533393862613331643962653933343437326633386231393532
30373964323330646433663835366166306539663135623831666331383339386230653066613532
37333137653237393131353031656265396539346338333237376234333630653465316262623336
33346138333537623665333165393135666239366536643565323939613236356464323338346661
36643330366535326364373461616535373335303632356662316131346562643033303436393334
61663036316434366436396134653837343835303363666564306335643661386631663030666231
32303365346632383838616338616538396138373931333531393265333539643961376334346137
66653063613239643163356631623565356138383035373861326335356639353035656566326365
62623766386635626366346635366534343866666434316464383934616263333734353734316233
61323864613034356134343531313734326135656363323933383064643634303063313161386263
39653733373839313230363261376534373734396664303737366239363232376535393264353830
3939343839373466616337646330386263633730376230316464
