$ANSIBLE_VAULT;1.1;AES256
31336439633565323138303732343661363032616161643762336165353837343839626230623065
3837633131313135336335386661323465313662636162310a636336636236303466303165333462
39353235623731633263393233616532333734656662363035323439393461616665653738613135
3536346233313238630a386430363932323037363739643263336632663630366135616463353534
61323433626263633731343330333731613365343661613430656566323161303562393663336537
35393264323637623963353565396565303462386362666363373962316432656630373966663330
32336139323262656462346136633131653366616363356461316161633932333536323433616631
32646138333363613638666662386263323062393031346636393666353731653266396264386263
61653863653736386133626336663733626334383965376235643032313530613830336462383433
33383536613533333362653235393133663435306466336561616138383730613732393164666161
33623730373833633365316566333936363836383866363064383836306563666530353263326337
61353365626239303265643766643966623536613538383563376635376663303837346137616430
36616363353831356162653238373765326134303265383164376238336430313230323534373461
36383862356131643562326365326439643338663535323631316534313833613537633532353631
37303864623934613066373638633734616264656536313733313637333835346236613239613935
39623566313237613064336338383339393963306436353365346563663636323537613130633131
35326231326636373362386431303764396365393337306339643865326335386338653131306333
6531316164306234376433656234336338386331373834646532
