$ANSIBLE_VAULT;1.1;AES256
37626663303132373964336632373038346533616236646433626135616434663532356334626230
6233326236356230386166646137373439643231373637640a323462326637666631623363393335
36326163656364663636373131363138336363623932336239313135333364353932373137313561
3630646431356236370a623966343135653666343066346630333061663361636135613831626131
35626136373530306665393463336563373265316166653631376532306138646132636463623163
66306562643261656335643034623639663838613438373631613832663166386562303163623431
63313964386163643134363437633233303461303239373662636561386338333163323633316562
39346364363130326638646263363264386461306137373563666133643537363239386162626333
36346437323462313065303237336165346261383637656336303130336264353137393236633834
66343031623131396161343764373737306334393165663634313231343739656561376638343339
64363230663561636330366236656162653033636534313134643937663136393832633430376135
65646235643765643430326364363437343563346663363032363964626365393737373033343237
66303766336339643066316431636130303761656431626538333066363034376236
