$ANSIBLE_VAULT;1.1;AES256
37303632323639343932626362356666393165666437623635373531366565383839383235326235
3961353039396333303636643862316137323035366339330a646132393938666639316635633635
34666366376266343566306233353063303635323436316137363531353164613432653962633661
3532663162306661650a626332393532313764646131666336316330663061393536306465663963
35633465313831643134623337353666353638356262666662326537363531343638373962636166
33633633353865323832656130333766343833326366346435666633303131613930366662393233
65346637333737313637383662633635303234373634346432643139666561323539396164383763
64383732663839333632346530333238303266363936626638666439396332336466623035336563
38376235616233653830393765613664373933363234376637663134353738306235346163323735
62656264316231366234633065633936393530323830343636373630316137346531613133303561
646139663738633963646637626337373835
