$ANSIBLE_VAULT;1.1;AES256
37613064636539653837323065346239336336343639626461326539666266336137666632366464
3537393235343035313038346133653162643031653230620a666139343566306334303966366230
38363565616438623939633564663134306133653430653931353437343762336239313232626232
6538626137393839610a616464636662386462393765613262326131323337386337656131336264
33386263386561373239343363376332656665383239333261386632613066626430386462316531
30636164646338303537656439306536323635303836343435376363326431323939623564353561
61316635353736333733333432373364393132343636373066613165306265643539396165623733
34373466643666343039626236646430643163323236363738373166336235653134626330633963
34636337356437353363363632356665383463386465353932653962366665303133333531383031
66393138643039656537336437626462663232323631323339303363356435396130393236333237
62623936306535336565383463366262366665373564386163373437303530323736633362656632
34646164346165653335343137333034663338666331356639623763373637393830343362626533
36623133636535303961393636653235323261386338623339663963336130383732346631666462
35343062333235656539633332363630313331343931376235383033653437373261613362616338
35386230396338323633313433393366646631663332653030313136336631353837326535366166
34373730396538633163633561343739333134373234303339643562303233376463373038656430
62393961376164313936353439373965396363386632663162356133626265636636643763353161
31383163633335306464376166313030666165313736303734636363313733326633343566333039
37306233366338313038623636373234353936383062373830633034373763663233363365346538
66616366383537396230373634636239613964666564376438646362326461303935323630366632
37666335376463353962323034653735393064623434633431313861653765353365656663633763
61626130326466343865363430356363386563626566363161306239383639613563666639353531
61623831653833326463663062336562666535656366313938303662643337373530613133323633
63623164353332356336626166333236633438343966623630356537653036393038663733373464
30306538366230363130353963356237313030316338646365306338343064303937636439623965
65333535643463363566393734633564613135393931336464373762643438343831333363613966
66333436666263383865396530646339303465306232643531393234346365396634633233646534
63653936366131323964363664646161356236623033666233633934363466373163643866383034
38323734393633323238656366646165313932346330303037353461636162356232376462623036
62666331643263393231393064316665316366306361343139373532666363383639326631613839
30663338613137616636393064303438343731613536366331613739633832663131666439663236
37326265626639626232376234323937346430373837396666636163633962393064316265313331
64323763623732623334346633656533313432613464386437346538646532356235386231376137
33393435646564386666613634303939666464633963653131343532306330643962353264303462
64346565316564646233373161656566323562626438663530323332393163616230313062313865
61306332633364613031336134636537633238626462313836373634653861643231343939393438
31656466643164653139633062646238303435323465343061376232616663616234393535636366
39636463363832316664643931313466303339373163313435316238623339303966666663303064
64653062393035326633636236363136343465306132623133313265393435636137383366323439
35636132313764396565373938396236633166613433326434346665376461653966326462393630
33653362363732343364303032366238326663393165613833343239666536663362333962663566
32653836346138346162316165646636343335623037653163373335323033663738303432633133
38383131333231653163343264316530356661653837333761383239383037303837653932623135
66306632633665636662316433623165646161303831393734326264616531366239623232363631
33396131373835613164306462656232336662373631336130613139363033646564373161313732
35303337326261306364666332336365346330396239396363613432373936383236363065303232
66616431313137323338336133656231316361643463326532373066643861303163306562376434
66396437313862336236653466343535643336363861383339363166343835303537323530343339
36643163366235643139396430653833363430663061323532373464663436333432383163383538
30303332373863643736393738316566363764626161356665323434356535373564643838353832
64623163316565346335656139623362326539333265636564386538333665663765376662353035
63326164633661376463393132313462353261353334326436363966646465353635333538336239
64306163386430363431373035356130376164613431366564316635653666353363666565626232
38326138653831346136333266626266323833623039636235633031383438666332396434303635
63373731663534356332366466373233366161323561326234623966306236326330666532653263
31346532623433386466393835616462666337346537323334323139363538666430323765653265
64396436323538613532343038386338323739373964373633656561313636323237373864393437
31653137393632303330373831323661383163313336636164613562346264666339313239333132
31343736663564303565383364373534643434623134303665653435613465643832376135343130
64626230376231643262616466656361663039643861326365346533636263373332343435356536
61316138363861313138383336666239613465666232313932613263316561343432373636623862
38396635313161383233653366373465393730333436623135376335636364396639373633326433
38636364643865643466653639326235373931636631373565656666656530636239396563366636
64376463633262303130346263393433636334373433386561376532656633383834633561643733
66663033616165356130363735316333323535396666353635353366633766393663633339313433
37663634333164663135636339616138646633346539386164323865643166306266306537666333
33353732393631663239353334393634636436363531396635373737316238633866353731316561
37623437343138666165323062323065383235613962363963373965626631303462313232303737
34663066373539613962613963376632656666333439643533376462383062306265613739323563
38626639666639613836613933613762393530663937656264343634386538623535323234626366
62346366363536666437373164363038623034366530613139366366333937653063376661636561
30343638306137646566656361653330303333373833303134323730376264333133643035656337
36333433633865373034653237633961636264653862356261373435636630383635353434353930
61656539313232376333653834373536353733366437323061313063353237356436646366623832
62326538353238306533333736346533363066396566363161346563343361663836306461323738
39643030366436373162383232323261333537663434333138383238333335346533343761313262
62396461326432613136346365323061623962656461326232306564646336363931306236316435
32616437336565373337386262656266383032346136303431343561343037343136393263626566
39613062633064313436363730353762323132613866323065346430366333383638616333333737
33666531626339643631313831323833306337323235346438393232373035656563643063316139
35633933323561363833303466663331663964616466376565653766346135316433646234376263
35303465326630383136643836616161643665363261336332363030373132396432313033666436
37346361663535313662626263343663653536373134623566656133666531313266326336663537
63376434663166626538626265646533663930323265366139653732653736613138376532393564
65663734326236653331643839663437366533666534353261383837326231386531396534356566
64353035663263313539393533303034643936386666656433393733383238386566393264333234
32643632663339626639636661356131303766663465393131393764353337646461383564313165
34306638353931353236366631333663626236393436393761393463376339663138393531656166
36653435383466386266623764316637366130643038376330386134633730356666333166343838
30383639313363613163613661313131323261613536356339326162643631613039613930393563
32313263626432626234323265616338636466303237326262613533356262333433363138636138
64663664323464393830363261353636386336623565363463346531656135626236326465626632
33376465393438363932386261386138636332393735653265633636386435366434636636393239
33313562373166623936343435356439653961326161373161303434363465356437396135623334
36373662396137656630366265323366303135333761396161343732653132373061373763636465
62323732376365386236333835303235663432643634373935396139383266343738393962346665
38623530323536326231376664613838356164653364626334386237316233373464643332313865
38306661323336393061343535643462333538353030306535353634323433616139326565633062
31313035336335663763366661386263666363333363386632383131616234333033383463373231
33343732623732353464346435353131336138306634653536313466653333313264396231383131
39656133383739313135616237373466386130353562356464326432633466313064653163613961
36623535363766376635643161303032343133353932663936613065353632373030316636353564
39303232383730663762306136306438646266303038386239393934633335373164383138373034
36613539333133306666346633386133656635616430376237326663366463616232353765663262
63656565333132633464356233386563633030623564363930313139663664383832663735653462
63623365333837356634666336313065343339646631316664643934663764613135313933376637
36303739663231663433383262303763616365393639326361323762306635356438376436666436
63313531656131333663326130643732643739303766393430666236396136633935656439366530
38323163383862633337303565306138323962663839613836636465313035313463373063353535
61343334643939316333336431613036636363346337646332633137616334333163643534373434
38323534663964616431646364396531633831303137393062306564303831623834623239323664
37643134383438623930323832363362323338363037333636646238663766343233633139323263
63376330363862333964633534626334643266663863343465383339613938663530366161323633
36393965646562326232656532613961333730356134643736326634363734343732656633393764
35393461653032666339393564646330366563333964346133666637316165313762323662613563
62633736346338616463
